49,38
49,37
34,1
34,3
30,4
31,4
31,1
31,3
49,36
49,35
30,1
30,3
32,4
32,1
32,3
37,4
37,1
37,3
0,273
0,270
29,1
29,3
27,1
27,3
26,1
26,3
28,3
3,2
3,1
3,3
10,298
10,5
10,263
10,264
10,111
10,247
10,257
10,1
10,192
10,2
10,3
11,15
11,17
11,27
11,24
11,12
11,8
11,1
11,23
11,2
11,3
9,7
9,6
9,1
9,4
9,2
9,3
8,7
8,12
8,8
8,11
8,17
8,1
8,6
8,2
8,3
0,437
12,2
12,1
12,3
20,2
20,1
20,3
19,2
19,1
19,3
48,5
48,4
48,3
48,2
48,1
48,0
47,5
47,4
47,3
47,2
47,1
47,0
46,5
46,4
18,1
46,3
46,2
18,3
46,1
46,0
45,5
45,4
14,3
45,3
13,1
45,2
45,1
13,3
45,0
44,4
44,3
44,2
44,1
44,0
43,5
43,4
43,3
43,2
43,1
43,0
42,5
